STATURE,BMI
1830,26.33
1726,24.4
1783,26.16
1669,27.66
1758,19.76
1788,26.82
1829,25.11
1745,27.72
1643,31.64
1698,29.38
1727,30.9
1734,26.65
1684,26.99
1667,25.38
1680,28.53
1785,26.97
1885,24.07
1841,23.13
1702,29.98
1738,33.04
1732,23.58
1739,24
1877,22.48
1725,26.79
1704,26.54
1748,28.16
1647,27.06
1699,21.4
1761,27.28
1671,27.13
1644,29.83
1739,27.51
1749,22.79
1845,30.33
1954,27.18
1844,23.32
1601,23.26
1846,24.95
1672,26.51
1934,28.7
1862,23.87
1694,23.45
1740,28.28
1739,31.28
1719,28.39
1722,25.09
1776,28.02
1897,30.48
1730,26.7
1688,29.59
1692,31.44
1778,28.44
1824,23.72
1744,24.33
1763,28.47
1859,27.02
1669,32.9
1705,23.28
1755,24.16
1756,29.26
1866,25.18
1837,29.75
1758,27.61
1837,26.1
1835,20.41
1756,29.85
1887,26.34
1817,28.53
1720,24.5
1836,27.55
1617,25.57
1670,20.65
1796,24.46
1629,27.7
1731,22.59
1718,27.39
1849,23.85
1850,26.09
1696,29.06
1858,19.05
1795,25.94
1851,28.71
1763,32.86
1809,27.79
1735,29.73
1778,24.73
1708,27.4
1818,26.74
1888,27.37
1872,30.17
1713,28.17
1747,21.34
1726,22.99
1774,24.45
1718,28.63
1740,32.19
1755,26.97
1732,24.36
1685,23.66
1764,23.42
1711,37.22
1766,24.51
1672,26.36
1710,31.24
1726,30.87
1825,20.87
1789,29.49
1661,27.3
1735,26.82
1878,24.39
1740,25.12
1738,24.97
1837,26.79
1743,28.05
1869,24.57
1833,24.58
1644,27.04
1771,26.36
1778,29.89
1907,24.19
1806,20.35
1913,24.74
1879,21.6
1825,24.48
1690,22.49
1789,28.31
1799,22.4
1795,26.45
1741,28.32
1775,24.69
1724,23.84
1671,27.16
1785,26.04
1795,22.78
1741,21.59
1696,24.38
1790,28.15
1761,26.72
1614,21.33
1860,30.11
1726,22.76
1774,23.19
1763,23.61
1815,26.83
1728,29.15
1703,27.1
1770,28.67
1704,27.67
1757,27.41
1750,27.26
1798,21.38
1807,28.53
1623,20.9
1654,27.35
1847,23.66
1703,24.39
1771,25.9
1739,27.27
1775,25.59
1701,31.64
1766,21.96
1797,28.09
1856,25.3
1831,23.87
1742,25.5
1739,26.76
1811,27.79
1870,25.94
1729,26.94
1695,23.1
1826,23.88
1675,24.96
1791,21.04
1711,24.3
1730,26.43
1773,22.38
1676,26.38
1853,24.79
1824,23.2
1728,25.74
1710,26.63
1777,22.47
1789,28
1708,31.8
1746,22.74
1738,32.29
1719,26.77
1735,23.09
1772,24.51
1873,29.81
1697,22.97
1758,24.7
1817,25.63
1870,30.58
1868,27.31
1784,22.71
1763,26.4
1749,26.79
1752,25.77
1784,23.86
1769,22.18
1776,28.54
1733,24.37
1784,25.59
1715,23.5
1778,22.15
1757,30.81
1780,26.87
1794,20.94
1752,25.4
1805,20.65
1803,25.49
1855,23.97
1864,20.6
1714,21.34
1803,27.34
1762,26.17
1823,31.96
1779,22
1894,24.58
1762,30.21
1882,26.13
1836,22.83
1660,25.16
1673,25.42
1871,23.47
1746,28.52
1749,24.39
1730,27.45
1772,25.78
1629,23.16
1654,22.66
1792,27.9
1839,23.15
1689,26.48
1762,22.85
1756,24.46
1704,23.73
1826,25.86
1723,27.47
1757,26.91
1834,26.73
1751,21.58
1678,30.92
1758,24.6
1638,23.97
1651,21.28
1715,22.15
1671,25.45
1754,29.16
1786,30.04
1942,32.9
1685,23.59
1804,22.52
1759,27.11
1671,27.09
1769,23.26
1683,25.87
1692,23.18
1722,23.48
1628,19.19
1659,24.74
1784,24.57
1727,22.42
1869,23.17
1788,24.55
1830,22.1
1701,31
1670,26.86
1729,25.44
1702,25.55
1762,24.72
1706,23.5
1711,26.71
1786,21.51
1806,24.19
1777,28.18
1737,23.61
1804,27.91
1864,30.45
1698,24.89
1710,23.74
1855,29.18
1767,29.61
1842,24.06
1675,29.54
1764,23.13
1724,24.83
1786,27.16
1795,27.21
1731,26.71
1781,23.94
1738,30.71
1763,25.84
1775,29.54
1785,27.8
1822,24.66
1702,25.69
1661,29.15
1695,25.37
1873,22.58
1886,28.31
1819,23.41
1755,25.65
1692,25.39
1761,24.78
1755,23.76
1720,24.29
1842,24.79
1727,21.22
1749,27.56
1693,27.99
1647,21.23
1773,25.13
1796,31.06
1794,26.61
1726,24.09
1736,21.61
1649,24.56
1674,22.15
1703,27.1
1737,26.01
1711,25.73
1615,24.46
1694,27.46
1577,35.05
1793,26.64
1746,29.42
1808,29.5
1712,25.7
1740,28.38
1829,23.68
1652,24.02
1763,24.92
1888,29.51
1725,23.57
1762,28.2
1782,26.39
1798,27.9
1788,24.42
1796,25.98
1758,25
1814,28.9
1700,27.8
1633,23.74
1684,26.92
1823,25
1746,22
1746,25.21
1876,22.5
1820,22.13
1798,24.91
1762,27.02
1696,27.85
1643,24.39
1736,28.72
1755,25.48
1791,27.08
1700,28.85
1705,27.32
1752,22.32
1660,26.01
1666,30.41
1677,21.64
1652,25.14
1828,19.89
1862,25.79
1774,22.15
1714,26.79
1682,24.68
1653,26.23
1763,28.47
1715,27.17
1775,26.79
1741,28.32
1570,22.75
1784,26.81
1651,28.42
1728,27.99
1658,25.85
1638,24.77
1868,28.02
1772,22.24
1660,22.94
1643,21.6
1765,21.37
1750,25.8
1652,31.41
1798,25.32
1753,28.66
1870,26.64
1717,24
1779,21.03
1784,27.35
1672,27.09
1717,29.46
1768,27.52
1703,24.92
1744,24.93
1828,33.04
1885,28.34
1753,25.57
1706,22.98
1741,22
1632,27.1
1792,25.96
1837,24.92
1702,22.66
1782,25.42
1683,25.48
2012,21.3
1854,29.98
1760,27.97
1802,21.85
1744,29.49
1872,27.11
1697,29.66
1867,20.85
1718,24.9
1877,30.81
1704,30.05
1828,21.51
1750,27.19
1709,27.12
1694,23.77
1818,21.87
1787,23.5
1705,19.71
1678,26.86
1642,27.56
1634,23.29
1718,24.56
1754,24.45
1763,23.29
1790,24.21
1623,30.22
1935,27.31
1796,25.98
1806,29.44
1765,33.25
1765,23.36
1804,31.48
1825,26.9
1880,24.02
1673,19.05
1734,24.78
1718,25.73
1675,30.52
1778,28.6
1828,29.8
1756,24.1
1685,23.59
1730,28.99
1672,24.17
1749,25.13
1627,25.42
1781,32.39
1667,20.1
1762,29.16
1814,31.47
1742,29.19
1765,20.71
1892,23.21
1823,26.26
1723,27.5
1748,23.72
1696,20.45
1724,30.18
1715,18.78
1807,22.6
1705,22.44
1771,24.77
1725,27.51
1813,26.55
1656,22.6
1614,27.08
1817,24.7
1857,26.84
1742,21.23
1723,25.06
1687,28.94
1792,22.63
1799,23.34
1657,30.59
1718,28.18
1838,29.12
1764,22.67
1726,24.26
1845,25.54
1704,31.91
1698,26.41
1763,22.53
1715,25.61
1793,31.52
1697,33.06
1818,25.26
1793,27.05
1708,31.1
1707,26.73
1827,24.4
1658,29.33
1671,23.88
1793,37.1
1757,22.49
1644,26.59
1741,26.23
1703,21.69
1772,22.17
1762,28.43
1690,22.56
1814,26.45
1689,23.3
1815,20.24
1762,28.33
1685,29.66
1755,28.13
1920,27.1
1848,23.64
1793,27.97
1712,26.26
1765,20.75
1802,25.99
1737,28.21
1733,25.19
1778,22.12
1747,32.37
1777,28.31
1751,31.85
1580,26.01
1815,25.47
1731,23.41
1727,26.08
1800,30.33
1721,30.8
1834,25.85
1697,24.46
1730,24.01
1712,23.93
1752,24.77
1735,23.23
1770,26.71
1771,29.87
1775,25.37
1792,25.55
1721,24.09
1849,27.94
1702,26.08
1811,23.96
1844,27.55
1667,20.8
1717,30.64
1750,23.87
1795,24.01
1794,31.1
1696,25.34
1788,26.75
1700,27.27
1719,22.73
1834,24.43
1790,24.72
1777,23.08
1719,22.28
1655,25.2
1725,29.73
1771,22.55
1619,22.13
1777,23.5
1782,25.46
1797,28.54
1768,28.47
1840,25.05
1622,28.71
1810,26.29
1662,24.17
1724,21.61
1738,26.76
1638,26.22
1797,25.1
1767,23.41
1792,27.97
1695,22
1785,29.05
1696,27.5
1733,26.44
1803,25.56
1812,28.38
1825,27.76
1875,24.68
1862,23.17
1575,19.56
1731,26.3
1692,26.96
1847,21.36
1653,22.76
1778,22.35
1817,25.75
1663,29.01
1811,24.58
1824,21.02
1734,23.77
1700,25.89
1800,26.3
1752,26.24
1857,24.47
1835,27.03
1667,29.68
1591,23.72
1656,29.37
1777,24.44
1767,27
1845,24.47
1683,26.99
1818,20.14
1720,31.56
1740,24.88
1758,27.11
1707,27.64
1706,26.44
1745,31.03
1733,28.38
1740,24.91
1768,22.99
1800,25.14
1756,23.47
1758,21.17
1818,29.36
1797,30.94
1891,22.15
1858,26.28
1873,27.37
1672,24.76
1659,29.52
1711,25.28
1735,34.03
1807,21.04
1700,21.09
1702,24.84
1810,21.72
1807,27.78
1710,24.79
1804,28.13
1738,28.89
1814,23.33
1795,21.23
1652,28.54
1721,25.78
1674,24.19
1843,26.26
1801,26.05
1780,22.1
1662,25.54
1712,26.85
1778,28.57
1771,24.21
1608,25.55
1682,30.27
1778,25.41
1857,32.37
1744,25.54
1832,33.77
1622,24.99
1742,23.98
1777,29.12
1822,28.77
1748,27.12
1836,24.83
1748,33.83
1712,27.65
1820,24.96
1823,21.72
1690,24.81
1572,27.8
1875,28.56
1811,24.27
1599,29.26
1777,31.54
1730,27.45
1778,27.93
1692,22.75
1850,23.83
1751,29.69
1764,24.28
1813,25.15
1772,27.63
1802,25.62
1722,25.47
1829,26.66
1890,23.06
1807,29.13
1640,27.55
1752,28.86
1675,25.65
1782,27.99
1881,21.49
1831,25.57
1806,25.1
1849,23.41
1728,28.57
1741,27.04
1687,23.78
1778,22.83
1651,29.73
1827,30.54
1806,32.63
1788,28.09
1733,20.47
1886,23.58
1807,23.57
1826,25.04
1740,22.19
1911,24.93
1770,25.12
1785,19.61
1713,27.41
1782,29.05
1685,21.72
1873,23.01
1763,30.24
1778,24.09
1827,24.37
1797,22.03
1821,32.8
1746,22.4
1819,29.39
1766,33.05
1765,24.34
1696,24.03
1752,31.18
1689,25.55
1733,34.11
1726,25.39
1802,27.41
1715,24.54
1767,23.8
1770,22.65
1730,22.38
1655,26.94
1699,28.04
1771,32.43
1660,28.78
1903,20.1
1752,23.58
1714,28.94
1824,28.71
1787,25.31
1809,28.19
1691,25.13
1802,31.45
1740,30.81
1692,26.17
1732,22.12
1759,27.08
1886,27.11
1828,24.04
1664,26.03
1750,25.56
1857,23.06
1775,29.15
1783,24.27
1908,28.92
1748,21.95
1682,30.99
1891,25.86
1728,24.75
1720,25.57
1804,22.18
1760,24.95
1700,21.62
1679,27.34
1707,26.48
1698,23.48
1643,24.77
1597,21.98
1693,20.34
1801,24.61
1760,20.96
1741,29.63
1702,23.96
1728,23.56
1955,26.51
1667,25.75
1764,25.09
1744,23.49
1877,21.76
1878,28.27
1792,28
1895,27.22
1628,27.77
1717,25.48
1673,26.22
1732,26.44
1693,28.77
1783,26.84
1802,28.79
1801,26.96
1747,25.95
1775,26.21
1753,25.38
1760,28.86
1788,26.43
1837,19.88
1735,28.24
1756,29.42
1883,25.5
1722,29.84
1725,25.62
1762,30.24
1694,29.31
1834,26
1737,24.66
1697,33.45
1768,30.82
1912,21.02
1765,23.95
1724,26.55
1799,23.28
1786,34.1
1655,23.04
1774,23.36
1770,24.04
1815,39.55
1832,28.55
1767,27.82
1790,28.44
1706,23.64
1671,22.09
1718,21.65
1781,21.43
1620,23.62
1728,24.17
1776,22.07
1727,21.7
1720,26.26
1588,27.16
1725,33.23
1685,25.81
1796,28.32
1815,26.55
1805,27.16
1875,27.03
1837,30.93
1839,25.32
1677,24.14
1668,25.65
1705,25.88
1732,30.01
1737,28.45
1699,23.94
1836,22.62
1782,26.9
1802,28.35
1769,24.95
1682,25.08
1813,26.11
1716,30.36
1673,27.35
1808,23.57
1764,27.55
1699,25.07
1743,23.32
1685,23.09
1706,25.57
1838,25.71
1786,21.95
1738,20.05
1708,24.56
1724,22.74
1700,26.88
1751,23.77
1825,30.24
1691,34.19
1707,28.58
1728,26.77
1904,25.67
1727,27.07
1856,29.24
1731,29.8
1653,25.29
1699,28.29
1940,28.25
1687,27.83
1725,24.29
1759,23.26
1792,21.3
1700,26.95
1743,25.9
1715,28.56
1875,21.25
1650,32.99
1747,26.92
1748,24.62
1803,26.78
1775,25.79
1840,32.58
1763,25.68
1736,20.7
1732,25.48
1732,28.17
1714,30.6
1763,26.14
1650,24.11
1654,29.25
1726,23.75
1843,26.23
1858,24.6
1705,26.09
1760,26.23
1782,24.56
1727,24.37
1713,28.35
1714,36.12
1668,22.86
1814,26.64
1612,20.4
1793,21.81
1762,27.22
1860,19.39
1741,27.07
1672,23.74
1800,27.78
1703,32.3
1773,26.92
1772,28.44
1835,26.04
1687,30.77
1765,28.01
1684,20.63
1742,24.62
1584,24.38
1805,21.68
1727,30.76
1743,24.26
1743,25.4
1726,24.84
1708,22.22
1783,27.45
1795,27.24
1827,26.38
1725,21.99
1805,21.93
1781,24.01
1641,27.41
1803,31.55
1754,26.9
1708,32.29
1928,26.16
1724,25.86
1811,31.61
1745,24.87
1732,20.73
1753,31.71
1795,26.89
1771,27.46
1717,21.61
1639,24.7
1686,27.43
1770,20.89
1813,29.87
1818,29.27
1934,28.81
1782,23.27
1698,23.3
1812,20.8
1625,30.11
1745,27.12
1789,26.44
1715,20.69
1686,24.49
1640,26.07
1685,26.68
1729,21.11
1615,25.71
1718,19.86
1776,27.73
1821,22.29
1740,27.41
1777,23.08
1778,27.63
1698,26.48
1831,21.34
1826,28.98
1628,27.77
1712,25.11
1794,28.79
1721,29.84
1797,26.17
1748,24.22
1785,20.86
1686,23.42
1807,29.31
1668,28.25
1829,23.74
1829,24.77
1625,26.87
1704,28.09
1740,29.29
1731,25.11
1761,25.44
1762,28.04
1713,24.77
1845,21.83
1793,23.4
1695,23.6
1733,26.54
1802,26.37
1727,27.79
1777,24.28
1667,26.82
1838,22.81
1682,28.46
1844,25.45
1748,27.96
1732,27.08
1733,24.47
1665,29.86
1843,20.89
1762,24.66
1800,31.9
1725,23.02
1807,27.07
1880,29.22
1853,19.36
1690,26.34
1823,20.4
1628,24
1755,23.7
1856,27.67
1814,26.61
1767,22.3
1796,28.41
1846,32.73
1830,28.25
1728,24.41
1668,23.96
1705,26.82
1870,28.13
1619,29.94
1762,21.67
1711,23.33
1783,24.72
1783,23.92
1742,28.42
1758,24.37
1783,30.46
1761,27.64
1801,26.62
1831,30.68
1707,21.51
1811,21.2
1661,21.83
1727,24.71
1712,22.26
1850,22.58
1745,27.52
1776,22.85
1853,25.53
1772,25.52
1705,26.86
1821,27.51
1706,31
1769,31.79
1858,26.31
1716,25.48
1673,23.78
1747,22.21
1742,21.53
1811,26.82
1807,25.54
1560,22.7
1797,28.25
1720,24.67
1805,22.12
1676,25.84
1761,27.48
1752,26.77
1785,24.57
1821,25.55
1685,28.97
1710,30.68
1797,26.42
1788,24.26
1723,24.79
1802,20.44
1642,27.41
1775,31.35
1775,25.11
1792,27.49
1762,23.02
1789,23.35
1759,27.02
1726,25.87
1702,21.75
1700,26.6
1795,26.86
1840,22.73
1831,24.2
1698,25.35
1708,29.91
1703,25.06
1810,30.8
1792,26.19
1710,27.47
1688,26.4
1712,24.9
1762,25.31
1793,26
1746,28.82
1846,26.29
1747,21.58
1755,24.85
1676,29.68
1830,24.17
1683,26.38
1725,22.68
1826,27.15
1744,25.27
1743,24.9
1755,23.9
1722,30.53
1723,22.94
1690,19.49
1727,22.35
1701,23.36
1757,25.1
1703,24.99
1857,29.38
1737,27.64
1647,26.91
1836,23.53
1805,30.54
1726,27.27
1765,26.05
1725,18.6
1713,25.78
1751,29.76
1723,26.27
1671,27.13
1843,26.92
1812,33.59
1745,24.77
1707,29.87
1736,27.37
1835,22.55
1825,23.51
1770,25.22
1727,28.16
1778,25.76
1711,29.32
1902,25.7
1728,27.28
1862,23.14
1762,27.81
1812,21.95
1773,25
1766,25.27
1715,25.79
1663,27.79
1754,27.5
1797,25.7
1749,24.49
1846,28.09
1785,28.06
1707,27.39
1755,23.96
1806,28
1628,27.38
1767,27.03
1811,24.58
1683,24.76
1703,26.39
1694,26.25
1872,29.09
1627,23.26
1773,25.59
1712,23.65
1792,21.71
1756,28.03
1788,23.59
1664,27.76
1760,27.45
1728,27.75
1784,23.64
1791,26.44
1759,32.19
1613,23.23
1733,23.52
1723,25.99
1699,32.03
1636,26.32
1721,28.81
1873,26.85
1724,23.94
1679,27.59
1853,27.11
1821,24.28
1709,21.29
1832,26.88
1847,26.68
1834,23.97
1732,31.77
1795,26.16
1673,31.1
1674,30.01
1802,25.83
1721,24.02
1844,35.04
1728,21.44
1694,26.32
1708,25.79
1760,22.94
1774,24.72
1844,27.28
1742,26.23
1774,22.9
1743,23.92
1798,26.74
1832,27.79
1797,30.18
1792,30.35
1713,29.91
1715,22.11
1579,23.43
1744,25.47
1757,28.03
1684,21.1
1714,29.42
1817,28.74
1678,22.48
1798,28.06
1702,26.85
1793,23.65
1694,22.66
1698,23.76
1854,28.92
1796,26.07
1858,28.67
1842,29.89
1732,25.86
1722,22.21
1675,22.89
1809,24.08
1851,24.01
1758,20.32
1694,23.37
1730,26.36
1740,22.79
1867,21.53
1613,28.25
1734,28.51
1763,23.61
1768,21.52
1790,25.36
1778,33.63
1805,23.15
1734,20.92
1868,25.3
1746,26.25
1497,25.43
1748,23.99
1867,32.58
1670,28.51
1828,34.2
1758,23.88
1673,27.31
1830,25.57
1859,24.66
1738,23.66
1658,25.92
1638,21.7
1769,27.46
1796,22.44
1658,23.7
1670,26.76
1863,20.79
1669,26.35
1665,30.7
1701,21.67
1723,25.48
1744,26.64
1732,24.7
1792,27.74
1705,25.63
1775,22.97
1676,29.14
1765,27.29
1732,26.27
2042,20.78
1719,27.25
1755,27.64
1880,23.56
1880,25.38
1652,29.69
1767,31.05
1831,30.41
1832,27.79
1843,25.48
1850,29.43
1693,28.95
1856,30.01
1807,23.17
1796,26.89
1817,24.21
1705,20.51
1757,26.91
1737,23.85
1812,30.98
1701,22.34
1708,23.41
1780,32.69
1757,26.94
1785,30.55
1762,29.02
1668,30.78
1893,22.67
1670,22.84
1826,25.22
1848,22.39
1702,27.2
1841,22.1
1674,22.99
1725,27.72
1730,26.09
1701,27.45
1724,25.93
1786,26.24
1774,26.33
1746,33.94
1702,34.8
1845,24.74
1774,26.66
1777,25.34
1719,29.36
1756,25.36
1692,23.96
1784,29.34
1902,20.65
1804,23.93
1755,25.58
1736,22.76
1690,24.41
1735,19.81
1745,27.18
1700,30.12
1786,29.85
1834,30.94
1754,28.66
1832,27.09
1628,22.58
1680,20.84
1728,27.31
1768,24.95
1840,25.29
1741,27.84
1843,26.47
1657,26.47
1862,27.17
1787,22.6
1835,25.49
1776,22.56
1826,26.02
1620,23
1847,21.01
1796,27.02
1818,28.1
1783,23.34
1707,22.56
1791,22.82
1615,19.97
1735,23.3
1763,24.53
1683,25.66
1724,22.33
1785,25.15
1693,23.22
1694,21.39
1718,24.87
1733,28.72
1613,24.8
1776,23.33
1700,23.14
1705,25.21
1756,27.57
1850,23.41
1785,25.85
1688,22.65
1661,23.53
1830,26.97
1910,23.95
1762,25.71
1834,27.55
1767,21.78
1706,26.16
1775,26.43
1693,22.34
1673,23.89
1715,21.94
1747,24.15
1787,22.38
1743,31.61
1693,28.24
1762,29.29
1709,26.52
1810,26.54
1694,23.19
1774,28.08
1788,23.75
1847,28.18
1759,26.06
1725,23.64
1795,24.74
1781,24.49
1705,29.81
1768,23.25
1664,20.69
1744,27.25
1858,28.94
1870,25.16
1775,22.13
1763,30.17
1772,28.93
1868,23.98
1825,25.83
1742,24.05
1835,20.04
1728,29.7
1600,25.76
1762,25.64
1845,27.01
1822,28.25
1769,27.59
1770,34.46
1765,26.15
1759,24.12
1646,22.42
1723,25.51
1743,26.14
1737,24.66
1811,27.66
1723,26.2
1711,27.3
1745,24.67
1615,24.19
1775,24.75
1687,28.44
1786,25.95
1647,20.22
1765,26.57
1795,24.9
1671,27.71
1825,22.74
1879,25.98
1695,22.46
1768,26.42
1734,26.41
1649,29.02
1848,27.31
1837,22.78
1792,29.74
1744,25.24
1652,18.6
1596,26.93
1844,32.74
1821,30.49
1656,25.46
1722,27.67
1804,24.31
1682,26.12
1820,27.54
1721,26.81
1750,28.03
1694,27.25
1712,24.03
1801,26.65
1713,26.78
1735,18.15
1702,29.56
1720,24.6
1733,28.92
1838,22.84
1765,26.93
1837,20.66
1704,20.92
1700,24.76
1722,21.14
1712,20.62
1795,27.05
1722,20.73
1742,22.17
1806,22.88
1753,27.1
1754,29.79
1847,23.88
1940,21.78
1804,24.43
1773,25.46
1718,25.8
1694,29.59
1807,23.1
1710,21.68
1805,26.37
1726,26.79
1841,31.37
1782,26.32
1855,27.2
1717,22.58
1871,24.52
1747,23.18
1756,29.85
1738,29.29
1845,30.99
1718,23.45
1766,23.96
1872,28.71
1743,26.57
1726,26.18
1785,32.12
1842,28.24
1774,21.22
1855,25.09
1753,27.33
1800,25.42
1820,27.54
1752,24.61
1768,22.67
1734,26
1836,26.85
1643,29
1703,23.69
1792,23.59
1835,25.79
1664,22.31
1695,26.25
1685,21.04
1820,20.56
1743,30.7
1703,28.54
1694,23.27
1808,30.5
1654,20.76
1915,23.54
1645,26.67
1760,27.21
1754,29.19
1717,32.19
1658,33.82
1862,27.61
1791,32.73
1738,23.22
1662,23.84
1813,23.23
1786,26.17
1641,31.87
1685,30.59
1739,24.57
1705,21.21
1837,26.76
1698,27.75
1725,26.03
1897,25.89
1796,29.39
1805,25.87
1728,23.62
1670,29.13
1799,28.88
1771,35.2
1715,32.3
1748,26.66
1811,23.81
1828,24.34
1798,25.73
1758,23.65
1865,33.32
1767,28.24
1745,25.64
1695,25.05
1823,22.51
1830,25.72
1859,26.81
1678,28.49
1703,22.56
1886,28.97
1711,26.43
1705,25.91
1850,24.1
1678,22.56
1753,24.95
1746,30.29
1751,24.84
1784,22.55
1836,28.03
1834,32.19
1741,25.09
1806,26.35
1816,24.11
1900,26.18
1712,24.8
1863,24.79
1765,24.38
1755,22.67
1698,25.98
1732,30.35
1771,24.54
1785,22.27
1769,27.4
1767,25.96
1730,24.86
1721,26.5
1756,25.36
1765,26.41
1712,22.33
1732,24.19
1750,26.73
1660,27.52
1721,21.72
1777,21.11
1820,23.61
1841,29.45
1769,24.33
1792,22.76
1723,21.84
1595,25.72
1775,29.12
1660,22.01
1770,28.93
1630,23.79
1834,22.46
1690,26.09
1721,28.36
1713,22.3
1763,27.68
1700,25.33
1692,30.66
1771,27.11
1704,22.64
1800,29.32
1775,23.55
1756,21.49
1790,26.92
1802,29.73
1665,21.91
1766,26.93
1805,26.84
1701,25.58
1893,29.78
1805,28
1881,20.86
1790,29.46
1876,24.77
1646,24.87
1763,29.29
1924,31.06
1778,22.7
1821,27.08
1869,23.05
1756,23.7
1744,23.06
1718,26.73
1790,23.89
1807,24.76
1777,28.96
1785,22.08
1781,22.56
1857,30.09
1818,24
1626,28.92
1759,25.5
1763,29.78
1688,28.9
1835,18.77
1755,22.21
1633,27.98
1677,23.85
1752,23.88
1748,25.55
1806,23.97
1906,34.88
1847,28.66
1661,23.13
1797,29.14
1786,21.67
1810,28.04
1763,22.27
1728,28.03
1808,27.19
1803,24.18
1658,28.22
1609,29.89
1699,20.66
1805,25.97
1778,21.61
1803,30.01
1757,30.25
1705,20.13
1709,27.82
1684,19.81
1712,29.35
1736,24.52
1837,21.21
1798,24.72
1800,32.31
1756,27.24
1835,26.16
1678,25.67
1835,26.58
1673,22.76
1733,30.96
1766,25.95
1813,26.05
1752,26.07
1708,22.26
1763,25.25
1676,24.39
1760,26.92
1685,28.36
1711,28.17
1787,22.54
1812,23.91
1611,25.92
1760,24.91
1710,24.02
1765,24.28
1642,24.99
1715,25.16
1630,26.63
1677,22.91
1626,24.6
1658,32
1749,21.79
1711,26.46
1775,29.05
1744,29.09
1755,27.7
1767,23.93
1778,25.86
1653,25.93
1687,21.92
1805,27.78
1749,26.92
1682,27.31
1703,24.78
1868,24.89
1809,32.68
1684,34.79
1855,24.71
1841,22.86
1745,27.45
1830,30.59
1805,27.28
1742,30.37
1812,25.77
1743,23.05
1724,24.52
1757,29.29
1798,27.18
1815,22.43
1765,21.21
1667,20.32
1818,20.48
1713,28.03
1831,21.71
1666,24.9
1778,22.25
1732,23.38
1699,23.31
1797,22.32
1731,24.29
1786,23.97
1762,25.28
1674,28.52
1822,21.16
1708,25.44
1745,29.86
1630,24.29
1630,24.29
